object Form1: TForm1
  Left = 0
  Top = 0
  Caption = 'Conole Handle Test App'
  ClientHeight = 457
  ClientWidth = 860
  FormFactor.Width = 320
  FormFactor.Height = 480
  FormFactor.Devices = [Desktop]
  DesignerMasterStyle = 0
  object Button1: TButton
    Align = Top
    Margins.Left = 8.000000000000000000
    Margins.Top = 8.000000000000000000
    Margins.Right = 8.000000000000000000
    Position.X = 8.000000000000000000
    Position.Y = 8.000000000000000000
    Size.Width = 844.000000000000000000
    Size.Height = 22.000000000000000000
    Size.PlatformDefault = False
    TabOrder = 1
    Text = 'Execute'
    OnClick = Button1Click
  end
  object Memo1: TMemo
    Touch.InteractiveGestures = [Pan, LongTap, DoubleTap]
    DataDetectorTypes = []
    Align = Client
    Margins.Left = 8.000000000000000000
    Margins.Top = 8.000000000000000000
    Margins.Right = 8.000000000000000000
    Margins.Bottom = 8.000000000000000000
    Size.Width = 844.000000000000000000
    Size.Height = 411.000000000000000000
    Size.PlatformDefault = False
    TabOrder = 0
    Viewport.Width = 840.000000000000000000
    Viewport.Height = 407.000000000000000000
  end
end
